crossing time (s)	slope (V/s)	crossing number
281474976710655.000000	4.335168	7956	0.000000
281474976710655.000000	4.736716	7957	0.000000
281474976710655.000000	4.631299	7958	0.000000
281474976710655.000000	4.884933	7959	0.000000
281474976710655.000000	4.391423	7960	0.000000
281474976710655.000000	4.689362	7961	0.000000
281474976710655.000000	4.308223	7962	0.000000
281474976710655.000000	4.786440	7963	0.000000
281474976710655.000000	4.659911	7964	0.000000
281474976710655.000000	4.835244	7965	0.000000
281474976710655.000000	4.428845	7966	0.000000
281474976710655.000000	4.663579	7967	0.000000
281474976710655.000000	4.292251	7968	0.000000
281474976710655.000000	4.752284	7969	0.000000
281474976710655.000000	4.570572	7970	0.000000
281474976710655.000000	4.834705	7971	0.000000
281474976710655.000000	4.445946	7972	0.000000
281474976710655.000000	4.668089	7973	0.000000
281474976710655.000000	4.280150	7974	0.000000
281474976710655.000000	4.675048	7975	0.000000
281474976710655.000000	4.465508	7976	0.000000
281474976710655.000000	4.792561	7977	0.000000
281474976710655.000000	4.437923	7978	0.000000
281474976710655.000000	4.708238	7979	0.000000
281474976710655.000000	4.314553	7980	0.000000
281474976710655.000000	4.651611	7981	0.000000
281474976710655.000000	4.384268	7982	0.000000
281474976710655.000000	4.714844	7983	0.000000
281474976710655.000000	4.423317	7984	0.000000
281474976710655.000000	4.628076	7985	0.000000
281474976710655.000000	4.420908	7986	0.000000
281474976710655.000000	4.611511	7987	0.000000
281474976710655.000000	4.378797	7988	0.000000
281474976710655.000000	4.546794	7989	0.000000
281474976710655.000000	4.446886	7990	0.000000
281474976710655.000000	4.549448	7991	0.000000
281474976710655.000000	4.557404	7992	0.000000
281474976710655.000000	4.577060	7993	0.000000
281474976710655.000000	4.491679	7994	0.000000
281474976710655.000000	4.436217	7995	0.000000
281474976710655.000000	4.439713	7996	0.000000
281474976710655.000000	4.457682	7997	0.000000
281474976710655.000000	4.542550	7998	0.000000
281474976710655.000000	4.557155	7999	0.000000
281474976710655.000000	4.505984	8000	0.000000
281474976710655.000000	4.432216	8001	0.000000
281474976710655.000000	4.436634	8002	0.000000
281474976710655.000000	4.436099	8003	0.000000
281474976710655.000000	4.509314	8004	0.000000
281474976710655.000000	4.510485	8005	0.000000
281474976710655.000000	4.531134	8006	0.000000
281474976710655.000000	4.397964	8007	0.000000
281474976710655.000000	4.413990	8008	0.000000
281474976710655.000000	4.436483	8009	0.000000
281474976710655.000000	4.428105	8010	0.000000
281474976710655.000000	4.475060	8011	0.000000
281474976710655.000000	4.432472	8012	0.000000
281474976710655.000000	4.436049	8013	0.000000
281474976710655.000000	4.363675	8014	0.000000
281474976710655.000000	4.396602	8015	0.000000
281474976710655.000000	4.374410	8016	0.000000
281474976710655.000000	4.435016	8017	0.000000
281474976710655.000000	4.365831	8018	0.000000
281474976710655.000000	4.435817	8019	0.000000
281474976710655.000000	4.318832	8020	0.000000
281474976710655.000000	4.410882	8021	0.000000
281474976710655.000000	4.285603	8022	0.000000
281474976710655.000000	4.430263	8023	0.000000
281474976710655.000000	4.279753	8024	0.000000
281474976710655.000000	4.451065	8025	0.000000
281474976710655.000000	4.267323	8026	0.000000
281474976710655.000000	4.466774	8027	0.000000
281474976710655.000000	4.225394	8028	0.000000
281474976710655.000000	4.468862	8029	0.000000
281474976710655.000000	4.216179	8030	0.000000
281474976710655.000000	4.479064	8031	0.000000
281474976710655.000000	4.225288	8032	0.000000
281474976710655.000000	4.446513	8033	0.000000
281474976710655.000000	4.236160	8034	0.000000
281474976710655.000000	4.449220	8035	0.000000
281474976710655.000000	4.179870	8036	0.000000
281474976710655.000000	4.425718	8037	0.000000
281474976710655.000000	4.198822	8038	0.000000
281474976710655.000000	4.435959	8039	0.000000
281474976710655.000000	4.185334	8040	0.000000
281474976710655.000000	4.408596	8041	0.000000
281474976710655.000000	4.174510	8042	0.000000
281474976710655.000000	4.407741	8043	0.000000
281474976710655.000000	4.157065	8044	0.000000
281474976710655.000000	4.414928	8045	0.000000
281474976710655.000000	4.163996	8046	0.000000
281474976710655.000000	4.374232	8047	0.000000
281474976710655.000000	4.127783	8048	0.000000
281474976710655.000000	4.367487	8049	0.000000
281474976710655.000000	4.158402	8050	0.000000
281474976710655.000000	4.388035	8051	0.000000
281474976710655.000000	4.149889	8052	0.000000
281474976710655.000000	4.355854	8053	0.000000
281474976710655.000000	4.143826	8054	0.000000
281474976710655.000000	4.308705	8055	0.000000
281474976710655.000000	4.133563	8056	0.000000
281474976710655.000000	4.307184	8057	0.000000
281474976710655.000000	4.180894	8058	0.000000
281474976710655.000000	4.258655	8059	0.000000
281474976710655.000000	4.172606	8060	0.000000
281474976710655.000000	4.238658	8061	0.000000
281474976710655.000000	4.196998	8062	0.000000
281474976710655.000000	4.213746	8063	0.000000
281474976710655.000000	4.205615	8064	0.000000
281474976710655.000000	4.196785	8065	0.000000
281474976710655.000000	4.203564	8066	0.000000
281474976710655.000000	4.212096	8067	0.000000
281474976710655.000000	4.211203	8068	0.000000
281474976710655.000000	4.168169	8069	0.000000
281474976710655.000000	4.183137	8070	0.000000
281474976710655.000000	4.172553	8071	0.000000
281474976710655.000000	4.172945	8072	0.000000
281474976710655.000000	4.160575	8073	0.000000
281474976710655.000000	4.167675	8074	0.000000
281474976710655.000000	4.161428	8075	0.000000
281474976710655.000000	4.159846	8076	0.000000
281474976710655.000000	4.151911	8077	0.000000
281474976710655.000000	4.149108	8078	0.000000
281474976710655.000000	4.158220	8079	0.000000
281474976710655.000000	4.165617	8080	0.000000
281474976710655.000000	4.144950	8081	0.000000
281474976710655.000000	4.119986	8082	0.000000
281474976710655.000000	4.127587	8083	0.000000
281474976710655.000000	4.106095	8084	0.000000
281474976710655.000000	4.142537	8085	0.000000
281474976710655.000000	4.091191	8086	0.000000
281474976710655.000000	4.118701	8087	0.000000
281474976710655.000000	4.065536	8088	0.000000
281474976710655.000000	4.144067	8089	0.000000
281474976710655.000000	4.037443	8090	0.000000
281474976710655.000000	4.135815	8091	0.000000
281474976710655.000000	4.013788	8092	0.000000
281474976710655.000000	4.141301	8093	0.000000
281474976710655.000000	4.000253	8094	0.000000
281474976710655.000000	4.139050	8095	0.000000
281474976710655.000000	3.971927	8096	0.000000
281474976710655.000000	4.137020	8097	0.000000
281474976710655.000000	3.968078	8098	0.000000
281474976710655.000000	4.153915	8099	0.000000
281474976710655.000000	3.976870	8100	0.000000
281474976710655.000000	4.133298	8101	0.000000
281474976710655.000000	3.946891	8102	0.000000
281474976710655.000000	4.101241	8103	0.000000
281474976710655.000000	3.925778	8104	0.000000
281474976710655.000000	4.119714	8105	0.000000
281474976710655.000000	3.936879	8106	0.000000
281474976710655.000000	4.094787	8107	0.000000
281474976710655.000000	3.913396	8108	0.000000
281474976710655.000000	4.090785	8109	0.000000
281474976710655.000000	3.907966	8110	0.000000
281474976710655.000000	4.094046	8111	0.000000
281474976710655.000000	3.900379	8112	0.000000
281474976710655.000000	4.107811	8113	0.000000
281474976710655.000000	3.901218	8114	0.000000
281474976710655.000000	4.080883	8115	0.000000
281474976710655.000000	3.872762	8116	0.000000
281474976710655.000000	4.058261	8117	0.000000
281474976710655.000000	3.892426	8118	0.000000
281474976710655.000000	4.048458	8119	0.000000
281474976710655.000000	3.891773	8120	0.000000
281474976710655.000000	4.019381	8121	0.000000
281474976710655.000000	3.880789	8122	0.000000
281474976710655.000000	4.017560	8123	0.000000
281474976710655.000000	3.877220	8124	0.000000
281474976710655.000000	3.998318	8125	0.000000
281474976710655.000000	3.897868	8126	0.000000
281474976710655.000000	3.962300	8127	0.000000
281474976710655.000000	3.898307	8128	0.000000
281474976710655.000000	3.959350	8129	0.000000
281474976710655.000000	3.906606	8130	0.000000
281474976710655.000000	3.935383	8131	0.000000
281474976710655.000000	3.906992	8132	0.000000
281474976710655.000000	3.924341	8133	0.000000
281474976710655.000000	3.905766	8134	0.000000
281474976710655.000000	3.924829	8135	0.000000
281474976710655.000000	3.909877	8136	0.000000
281474976710655.000000	3.895898	8137	0.000000
281474976710655.000000	3.904568	8138	0.000000
281474976710655.000000	3.882836	8139	0.000000
281474976710655.000000	3.886392	8140	0.000000
281474976710655.000000	3.887992	8141	0.000000
281474976710655.000000	3.895532	8142	0.000000
281474976710655.000000	3.882809	8143	0.000000
281474976710655.000000	3.866552	8144	0.000000
281474976710655.000000	3.876992	8145	0.000000
281474976710655.000000	3.847544	8146	0.000000
281474976710655.000000	3.850652	8147	0.000000
281474976710655.000000	3.859619	8148	0.000000
281474976710655.000000	3.848157	8149	0.000000
281474976710655.000000	3.823474	8150	0.000000
281474976710655.000000	3.866571	8151	0.000000
281474976710655.000000	3.817591	8152	0.000000
281474976710655.000000	3.834466	8153	0.000000
281474976710655.000000	3.796237	8154	0.000000
281474976710655.000000	3.833572	8155	0.000000
281474976710655.000000	3.770843	8156	0.000000
281474976710655.000000	3.844203	8157	0.000000
281474976710655.000000	3.766506	8158	0.000000
281474976710655.000000	3.833407	8159	0.000000
281474976710655.000000	3.757597	8160	0.000000
281474976710655.000000	3.826587	8161	0.000000
281474976710655.000000	3.740759	8162	0.000000
281474976710655.000000	3.820705	8163	0.000000
281474976710655.000000	3.730439	8164	0.000000
281474976710655.000000	3.809036	8165	0.000000
281474976710655.000000	3.691249	8166	0.000000
281474976710655.000000	3.820534	8167	0.000000
281474976710655.000000	3.688607	8168	0.000000
281474976710655.000000	3.823909	8169	0.000000
281474976710655.000000	3.686592	8170	0.000000
281474976710655.000000	3.813547	8171	0.000000
281474976710655.000000	3.667987	8172	0.000000
281474976710655.000000	3.793097	8173	0.000000
281474976710655.000000	3.664538	8174	0.000000
281474976710655.000000	3.795869	8175	0.000000
281474976710655.000000	3.657382	8176	0.000000
281474976710655.000000	3.788702	8177	0.000000
281474976710655.000000	3.646277	8178	0.000000
281474976710655.000000	3.769340	8179	0.000000
281474976710655.000000	3.638930	8180	0.000000
281474976710655.000000	3.778775	8181	0.000000
281474976710655.000000	3.631330	8182	0.000000
281474976710655.000000	3.767872	8183	0.000000
281474976710655.000000	3.621374	8184	0.000000
281474976710655.000000	3.753887	8185	0.000000
281474976710655.000000	3.616099	8186	0.000000
281474976710655.000000	3.734676	8187	0.000000
281474976710655.000000	3.611974	8188	0.000000
281474976710655.000000	3.728933	8189	0.000000
281474976710655.000000	3.597288	8190	0.000000
281474976710655.000000	3.704881	8191	0.000000
281474976710655.000000	3.609673	8192	0.000000
281474976710655.000000	3.679354	8193	0.000000
281474976710655.000000	3.606843	8194	0.000000
281474976710655.000000	3.684403	8195	0.000000
281474976710655.000000	3.604370	8196	0.000000
281474976710655.000000	3.650082	8197	0.000000
281474976710655.000000	3.602395	8198	0.000000
281474976710655.000000	3.629518	8199	0.000000
281474976710655.000000	3.610163	8200	0.000000
281474976710655.000000	3.626599	8201	0.000000
281474976710655.000000	3.610513	8202	0.000000
281474976710655.000000	3.619280	8203	0.000000
281474976710655.000000	3.603583	8204	0.000000
281474976710655.000000	3.605311	8205	0.000000
281474976710655.000000	3.605622	8206	0.000000
281474976710655.000000	3.596743	8207	0.000000
281474976710655.000000	3.589773	8208	0.000000
281474976710655.000000	3.578498	8209	0.000000
281474976710655.000000	3.586595	8210	0.000000
281474976710655.000000	3.583275	8211	0.000000
281474976710655.000000	3.573129	8212	0.000000
281474976710655.000000	3.572057	8213	0.000000
281474976710655.000000	3.557885	8214	0.000000
281474976710655.000000	3.560932	8215	0.000000
281474976710655.000000	3.556207	8216	0.000000
281474976710655.000000	3.572495	8217	0.000000
281474976710655.000000	3.541660	8218	0.000000
281474976710655.000000	3.551369	8219	0.000000
281474976710655.000000	3.522143	8220	0.000000
281474976710655.000000	3.553992	8221	0.000000
281474976710655.000000	3.516751	8222	0.000000
281474976710655.000000	3.539128	8223	0.000000
281474976710655.000000	3.493804	8224	0.000000
281474976710655.000000	3.536026	8225	0.000000
281474976710655.000000	3.486409	8226	0.000000
281474976710655.000000	3.539289	8227	0.000000
281474976710655.000000	3.468559	8228	0.000000
281474976710655.000000	3.521060	8229	0.000000
281474976710655.000000	3.457642	8230	0.000000
281474976710655.000000	3.521484	8231	0.000000
281474976710655.000000	3.425136	8232	0.000000
281474976710655.000000	3.520468	8233	0.000000
281474976710655.000000	3.432652	8234	0.000000
281474976710655.000000	3.514284	8235	0.000000
281474976710655.000000	3.419418	8236	0.000000
281474976710655.000000	3.508283	8237	0.000000
281474976710655.000000	3.419889	8238	0.000000
281474976710655.000000	3.509514	8239	0.000000
281474976710655.000000	3.393433	8240	0.000000
281474976710655.000000	3.511018	8241	0.000000
281474976710655.000000	3.387693	8242	0.000000
281474976710655.000000	3.506546	8243	0.000000
281474976710655.000000	3.370912	8244	0.000000
281474976710655.000000	3.482562	8245	0.000000
281474976710655.000000	3.379861	8246	0.000000
281474976710655.000000	3.476144	8247	0.000000
281474976710655.000000	3.363284	8248	0.000000
281474976710655.000000	3.462156	8249	0.000000
281474976710655.000000	3.349888	8250	0.000000
281474976710655.000000	3.471387	8251	0.000000
281474976710655.000000	3.351387	8252	0.000000
281474976710655.000000	3.456541	8253	0.000000
