crossing time (s)	slope (V/s)	crossing number
281474976710655.000000	4.069260	7103	0.000000
281474976710655.000000	4.606977	7104	0.000000
281474976710655.000000	4.932665	7105	0.000000
281474976710655.000000	4.714780	7106	0.000000
281474976710655.000000	4.055808	7107	0.000000
281474976710655.000000	3.998636	7108	0.000000
281474976710655.000000	4.093811	7109	0.000000
281474976710655.000000	4.455653	7110	0.000000
281474976710655.000000	4.649379	7111	0.000000
281474976710655.000000	4.706130	7112	0.000000
281474976710655.000000	4.124651	7113	0.000000
281474976710655.000000	4.125154	7114	0.000000
281474976710655.000000	4.072081	7115	0.000000
281474976710655.000000	4.374651	7116	0.000000
281474976710655.000000	4.478821	7117	0.000000
281474976710655.000000	4.562052	7118	0.000000
281474976710655.000000	4.302571	7119	0.000000
281474976710655.000000	4.303623	7120	0.000000
281474976710655.000000	4.197972	7121	0.000000
281474976710655.000000	4.219347	7122	0.000000
281474976710655.000000	4.236670	7123	0.000000
281474976710655.000000	4.204558	7124	0.000000
281474976710655.000000	4.380456	7125	0.000000
281474976710655.000000	4.371918	7126	0.000000
281474976710655.000000	4.461812	7127	0.000000
281474976710655.000000	4.253475	7128	0.000000
281474976710655.000000	4.190124	7129	0.000000
281474976710655.000000	4.012947	7130	0.000000
281474976710655.000000	4.419813	7131	0.000000
281474976710655.000000	4.237105	7132	0.000000
281474976710655.000000	4.274628	7133	0.000000
281474976710655.000000	4.335052	7134	0.000000
281474976710655.000000	4.302258	7135	0.000000
281474976710655.000000	4.106092	7136	0.000000
281474976710655.000000	4.234593	7137	0.000000
281474976710655.000000	4.242795	7138	0.000000
281474976710655.000000	4.134285	7139	0.000000
281474976710655.000000	4.234435	7140	0.000000
281474976710655.000000	4.306847	7141	0.000000
281474976710655.000000	4.258373	7142	0.000000
281474976710655.000000	4.152313	7143	0.000000
281474976710655.000000	4.259246	7144	0.000000
281474976710655.000000	4.081877	7145	0.000000
281474976710655.000000	4.207191	7146	0.000000
281474976710655.000000	4.265349	7147	0.000000
281474976710655.000000	4.238681	7148	0.000000
281474976710655.000000	4.180142	7149	0.000000
281474976710655.000000	4.245529	7150	0.000000
281474976710655.000000	4.088227	7151	0.000000
281474976710655.000000	4.198781	7152	0.000000
281474976710655.000000	4.216664	7153	0.000000
281474976710655.000000	4.178010	7154	0.000000
281474976710655.000000	4.204528	7155	0.000000
281474976710655.000000	4.184175	7156	0.000000
281474976710655.000000	4.148551	7157	0.000000
281474976710655.000000	4.189492	7158	0.000000
281474976710655.000000	4.152246	7159	0.000000
281474976710655.000000	4.130201	7160	0.000000
281474976710655.000000	4.194139	7161	0.000000
281474976710655.000000	4.077751	7162	0.000000
281474976710655.000000	4.219495	7163	0.000000
281474976710655.000000	4.197741	7164	0.000000
281474976710655.000000	4.170712	7165	0.000000
281474976710655.000000	4.107414	7166	0.000000
281474976710655.000000	4.104872	7167	0.000000
281474976710655.000000	4.089582	7168	0.000000
281474976710655.000000	4.177157	7169	0.000000
281474976710655.000000	4.172821	7170	0.000000
281474976710655.000000	4.149179	7171	0.000000
281474976710655.000000	4.092618	7172	0.000000
281474976710655.000000	4.084219	7173	0.000000
281474976710655.000000	4.104292	7174	0.000000
281474976710655.000000	4.098687	7175	0.000000
281474976710655.000000	4.131243	7176	0.000000
281474976710655.000000	4.085240	7177	0.000000
281474976710655.000000	4.103606	7178	0.000000
281474976710655.000000	4.067707	7179	0.000000
281474976710655.000000	4.140733	7180	0.000000
281474976710655.000000	4.045619	7181	0.000000
281474976710655.000000	4.116592	7182	0.000000
281474976710655.000000	4.036569	7183	0.000000
281474976710655.000000	4.118852	7184	0.000000
281474976710655.000000	4.053499	7185	0.000000
281474976710655.000000	4.111085	7186	0.000000
281474976710655.000000	4.027390	7187	0.000000
281474976710655.000000	4.102504	7188	0.000000
281474976710655.000000	4.029212	7189	0.000000
281474976710655.000000	4.090075	7190	0.000000
281474976710655.000000	4.037526	7191	0.000000
281474976710655.000000	4.040432	7192	0.000000
281474976710655.000000	4.034933	7193	0.000000
281474976710655.000000	4.044901	7194	0.000000
281474976710655.000000	4.065475	7195	0.000000
281474976710655.000000	4.003882	7196	0.000000
281474976710655.000000	4.051694	7197	0.000000
281474976710655.000000	3.935244	7198	0.000000
281474976710655.000000	4.066444	7199	0.000000
281474976710655.000000	3.980994	7200	0.000000
281474976710655.000000	4.087792	7201	0.000000
281474976710655.000000	3.981440	7202	0.000000
281474976710655.000000	4.042874	7203	0.000000
281474976710655.000000	3.953064	7204	0.000000
281474976710655.000000	4.060732	7205	0.000000
281474976710655.000000	3.967011	7206	0.000000
281474976710655.000000	4.028359	7207	0.000000
281474976710655.000000	3.965456	7208	0.000000
281474976710655.000000	3.992313	7209	0.000000
281474976710655.000000	3.960012	7210	0.000000
281474976710655.000000	3.984342	7211	0.000000
281474976710655.000000	3.965549	7212	0.000000
281474976710655.000000	3.970511	7213	0.000000
281474976710655.000000	3.961112	7214	0.000000
281474976710655.000000	3.956865	7215	0.000000
281474976710655.000000	3.960858	7216	0.000000
281474976710655.000000	3.955874	7217	0.000000
281474976710655.000000	3.964981	7218	0.000000
281474976710655.000000	3.927692	7219	0.000000
281474976710655.000000	3.956479	7220	0.000000
281474976710655.000000	3.923313	7221	0.000000
281474976710655.000000	3.941478	7222	0.000000
281474976710655.000000	3.936524	7223	0.000000
281474976710655.000000	3.935913	7224	0.000000
281474976710655.000000	3.917710	7225	0.000000
281474976710655.000000	3.931189	7226	0.000000
281474976710655.000000	3.918375	7227	0.000000
281474976710655.000000	3.902162	7228	0.000000
281474976710655.000000	3.921765	7229	0.000000
281474976710655.000000	3.884270	7230	0.000000
281474976710655.000000	3.922438	7231	0.000000
281474976710655.000000	3.892736	7232	0.000000
281474976710655.000000	3.911189	7233	0.000000
281474976710655.000000	3.889941	7234	0.000000
281474976710655.000000	3.929117	7235	0.000000
281474976710655.000000	3.891304	7236	0.000000
281474976710655.000000	3.910632	7237	0.000000
281474976710655.000000	3.876995	7238	0.000000
281474976710655.000000	3.916476	7239	0.000000
281474976710655.000000	3.874112	7240	0.000000
281474976710655.000000	3.904949	7241	0.000000
281474976710655.000000	3.858769	7242	0.000000
281474976710655.000000	3.887197	7243	0.000000
281474976710655.000000	3.868844	7244	0.000000
281474976710655.000000	3.882813	7245	0.000000
281474976710655.000000	3.899534	7246	0.000000
281474976710655.000000	3.849547	7247	0.000000
281474976710655.000000	3.876105	7248	0.000000
281474976710655.000000	3.843066	7249	0.000000
281474976710655.000000	3.863258	7250	0.000000
281474976710655.000000	3.837117	7251	0.000000
281474976710655.000000	3.868780	7252	0.000000
281474976710655.000000	3.840924	7253	0.000000
281474976710655.000000	3.857566	7254	0.000000
281474976710655.000000	3.812289	7255	0.000000
281474976710655.000000	3.862297	7256	0.000000
281474976710655.000000	3.822788	7257	0.000000
281474976710655.000000	3.854436	7258	0.000000
281474976710655.000000	3.822958	7259	0.000000
281474976710655.000000	3.819904	7260	0.000000
281474976710655.000000	3.820538	7261	0.000000
281474976710655.000000	3.795470	7262	0.000000
281474976710655.000000	3.804040	7263	0.000000
281474976710655.000000	3.796673	7264	0.000000
281474976710655.000000	3.816113	7265	0.000000
281474976710655.000000	3.795908	7266	0.000000
281474976710655.000000	3.815121	7267	0.000000
281474976710655.000000	3.764247	7268	0.000000
281474976710655.000000	3.818450	7269	0.000000
281474976710655.000000	3.768876	7270	0.000000
281474976710655.000000	3.831944	7271	0.000000
281474976710655.000000	3.749624	7272	0.000000
281474976710655.000000	3.827186	7273	0.000000
281474976710655.000000	3.730574	7274	0.000000
281474976710655.000000	3.808908	7275	0.000000
281474976710655.000000	3.745123	7276	0.000000
281474976710655.000000	3.789124	7277	0.000000
281474976710655.000000	3.740354	7278	0.000000
281474976710655.000000	3.773190	7279	0.000000
281474976710655.000000	3.728298	7280	0.000000
281474976710655.000000	3.767248	7281	0.000000
281474976710655.000000	3.739019	7282	0.000000
281474976710655.000000	3.742455	7283	0.000000
281474976710655.000000	3.725296	7284	0.000000
281474976710655.000000	3.732409	7285	0.000000
281474976710655.000000	3.720035	7286	0.000000
281474976710655.000000	3.715864	7287	0.000000
281474976710655.000000	3.718353	7288	0.000000
281474976710655.000000	3.717991	7289	0.000000
281474976710655.000000	3.711863	7290	0.000000
281474976710655.000000	3.714284	7291	0.000000
281474976710655.000000	3.700245	7292	0.000000
281474976710655.000000	3.701662	7293	0.000000
281474976710655.000000	3.699206	7294	0.000000
281474976710655.000000	3.698841	7295	0.000000
281474976710655.000000	3.687845	7296	0.000000
281474976710655.000000	3.703485	7297	0.000000
281474976710655.000000	3.689277	7298	0.000000
281474976710655.000000	3.705733	7299	0.000000
281474976710655.000000	3.676187	7300	0.000000
281474976710655.000000	3.683666	7301	0.000000
281474976710655.000000	3.663229	7302	0.000000
281474976710655.000000	3.692147	7303	0.000000
281474976710655.000000	3.672512	7304	0.000000
281474976710655.000000	3.685172	7305	0.000000
281474976710655.000000	3.658000	7306	0.000000
281474976710655.000000	3.673973	7307	0.000000
281474976710655.000000	3.672053	7308	0.000000
281474976710655.000000	3.663420	7309	0.000000
281474976710655.000000	3.646304	7310	0.000000
281474976710655.000000	3.665096	7311	0.000000
281474976710655.000000	3.646791	7312	0.000000
281474976710655.000000	3.662537	7313	0.000000
281474976710655.000000	3.637451	7314	0.000000
281474976710655.000000	3.632735	7315	0.000000
281474976710655.000000	3.635058	7316	0.000000
281474976710655.000000	3.637458	7317	0.000000
281474976710655.000000	3.634349	7318	0.000000
281474976710655.000000	3.619507	7319	0.000000
281474976710655.000000	3.630326	7320	0.000000
281474976710655.000000	3.616842	7321	0.000000
281474976710655.000000	3.619565	7322	0.000000
281474976710655.000000	3.627469	7323	0.000000
281474976710655.000000	3.615855	7324	0.000000
281474976710655.000000	3.608968	7325	0.000000
281474976710655.000000	3.612340	7326	0.000000
281474976710655.000000	3.606778	7327	0.000000
281474976710655.000000	3.602936	7328	0.000000
281474976710655.000000	3.586370	7329	0.000000
281474976710655.000000	3.602131	7330	0.000000
281474976710655.000000	3.601122	7331	0.000000
281474976710655.000000	3.582521	7332	0.000000
281474976710655.000000	3.601484	7333	0.000000
281474976710655.000000	3.567240	7334	0.000000
281474976710655.000000	3.585632	7335	0.000000
281474976710655.000000	3.551170	7336	0.000000
281474976710655.000000	3.593962	7337	0.000000
281474976710655.000000	3.546253	7338	0.000000
281474976710655.000000	3.595767	7339	0.000000
281474976710655.000000	3.531536	7340	0.000000
281474976710655.000000	3.582361	7341	0.000000
281474976710655.000000	3.532176	7342	0.000000
281474976710655.000000	3.576031	7343	0.000000
281474976710655.000000	3.532625	7344	0.000000
281474976710655.000000	3.564679	7345	0.000000
281474976710655.000000	3.517920	7346	0.000000
281474976710655.000000	3.544663	7347	0.000000
281474976710655.000000	3.513434	7348	0.000000
281474976710655.000000	3.556020	7349	0.000000
281474976710655.000000	3.519045	7350	0.000000
281474976710655.000000	3.543567	7351	0.000000
281474976710655.000000	3.506735	7352	0.000000
281474976710655.000000	3.506352	7353	0.000000
281474976710655.000000	3.503809	7354	0.000000
281474976710655.000000	3.498241	7355	0.000000
281474976710655.000000	3.516361	7356	0.000000
281474976710655.000000	3.493573	7357	0.000000
281474976710655.000000	3.497025	7358	0.000000
281474976710655.000000	3.502834	7359	0.000000
281474976710655.000000	3.488973	7360	0.000000
281474976710655.000000	3.473161	7361	0.000000
281474976710655.000000	3.478954	7362	0.000000
281474976710655.000000	3.474300	7363	0.000000
281474976710655.000000	3.474871	7364	0.000000
281474976710655.000000	3.485782	7365	0.000000
281474976710655.000000	3.467355	7366	0.000000
281474976710655.000000	3.474040	7367	0.000000
281474976710655.000000	3.459479	7368	0.000000
281474976710655.000000	3.471353	7369	0.000000
281474976710655.000000	3.443632	7370	0.000000
281474976710655.000000	3.465397	7371	0.000000
281474976710655.000000	3.461304	7372	0.000000
281474976710655.000000	3.456040	7373	0.000000
281474976710655.000000	3.450572	7374	0.000000
281474976710655.000000	3.447348	7375	0.000000
281474976710655.000000	3.428430	7376	0.000000
281474976710655.000000	3.456073	7377	0.000000
281474976710655.000000	3.420362	7378	0.000000
281474976710655.000000	3.453334	7379	0.000000
281474976710655.000000	3.422677	7380	0.000000
281474976710655.000000	3.430537	7381	0.000000
281474976710655.000000	3.417776	7382	0.000000
281474976710655.000000	3.427812	7383	0.000000
281474976710655.000000	3.418304	7384	0.000000
281474976710655.000000	3.430388	7385	0.000000
281474976710655.000000	3.412619	7386	0.000000
281474976710655.000000	3.400706	7387	0.000000
281474976710655.000000	3.406748	7388	0.000000
281474976710655.000000	3.386722	7389	0.000000
281474976710655.000000	3.400219	7390	0.000000
281474976710655.000000	3.396680	7391	0.000000
281474976710655.000000	3.395456	7392	0.000000
281474976710655.000000	3.384521	7393	0.000000
281474976710655.000000	3.393164	7394	0.000000
281474976710655.000000	3.384851	7395	0.000000
281474976710655.000000	3.389225	7396	0.000000
281474976710655.000000	3.377023	7397	0.000000
281474976710655.000000	3.369443	7398	0.000000
281474976710655.000000	3.385703	7399	0.000000
